# E1 runs 192 · errors 0 · extinct/empty-window 0
G1 audit-violation runs = 0 · nonzero rc = 0 · T/R off by > 0.02 from L = 0 (μ = 0 runs; max |T/R - L| = 0.0000)

## P1 (primary) ln R(L) − ln R(L+1), draw-first, scarce, μ = 0
  d34: +0.318 [+0.309, +0.328]
  d45: +0.235 [+0.233, +0.236]
  d56: +0.198 [+0.198, +0.199]
  P1 = PASS (all three lower bounds > 0)
  check ff: mean R by L = 1.0000 1.0000 1.0000 1.0000
  check do: mean R by L = 1.0296 1.0276 1.0267 1.0254

## P2 (primary) ln Ic(draw-first) − ln Ic(control), scarce, μ = 0.001
  g_ff_L3: +1.524 [+1.333, +1.715]
  g_do_L3: +1.529 [+1.321, +1.736]
  g_ff_L4: +1.514 [+1.262, +1.766]
  g_do_L4: +1.437 [+1.238, +1.636]
  g_ff_L5: +1.602 [+1.589, +1.614]
  g_do_L5: +1.581 [+1.559, +1.602]
  g_ff_L6: +1.523 [+1.437, +1.610]
  g_do_L6: +1.557 [+1.514, +1.600]
  G_ff: +0.001 [-0.277, +0.278]
  G_do: -0.028 [-0.279, +0.222]
  P2a (primary: L3, both controls, lower > 0) = PASS · every L = yes · P2b (secondary: gap larger at L3 than L6, both controls) = FAIL

## E1 primary verdict: ✅  (✅ P1 ∧ P2a · 🟡 one of them · ❌ neither)

## P3 (secondary) W by L (draw-first, scarce, μ = 0): L3 40.40 L4 38.09 L5 36.60 L6 34.95
  max/min = 1.156 [1.145, 1.167] → strong (≤ 1.25)
  (descriptive) μ = 0.0003: W by L 30.00 30.29 30.52 30.95 · R by L 10.999 8.572 7.104 6.159
  (descriptive) μ = 0.001: W by L 10.87 13.77 18.72 22.50 · R by L 4.622 4.442 4.743 4.751
  (descriptive) μ = 0.003: W by L 3.37 4.52 5.89 4.84 · R by L 2.124 2.130 2.177 1.807

## P4 (secondary) draw-first plentiful μ = 0 mean R by L: 1.0000 1.0000 1.0000 1.0000 → PASS (all ≤ 1.1)

## descriptives: density rule μ L | n | A R T/R W F Ic supply alive (seed means)
plentiful df 0.0 3 | 2 | 1 1 3 9.564e-07 nan nan 0 3551
plentiful df 0.0 4 | 2 | 1 1 4 0 nan nan 0 3527
plentiful df 0.0 5 | 2 | 1 1 5 3.828e-05 nan nan 0 3502
plentiful df 0.0 6 | 2 | 1 1 6 4.47e-06 nan nan 0 3480
plentiful df 0.0003 3 | 2 | 1 1 3 9.494e-06 1 0.9699 0.005334 3152
plentiful df 0.0003 4 | 2 | 1 1 4 0 1 0.9932 0.005453 3190
plentiful df 0.0003 5 | 2 | 1 1 5 6.621e-06 1 0.9934 0.005175 2708
plentiful df 0.0003 6 | 2 | 1 1 6 1.855e-05 1 1.018 0.004862 3127
plentiful df 0.001 3 | 2 | 1 1 3 5.379e-05 1 0.9845 0.01653 1931
plentiful df 0.001 4 | 2 | 1 1 4 1.139e-05 1 0.9931 0.0177 2825
plentiful df 0.001 5 | 2 | 1 1 5 7.87e-06 1 1.016 0.01676 2273
plentiful df 0.001 6 | 2 | 1 1 6 5.629e-06 1 1.023 0.01732 2519
plentiful df 0.003 3 | 2 | 1 1 3 3.016e-05 1 1.01 0.0508 1390
plentiful df 0.003 4 | 2 | 1 1 4 8.156e-05 1 0.9889 0.05022 1505
plentiful df 0.003 5 | 2 | 1 1 5 5.76e-06 1 0.9997 0.05279 1923
plentiful df 0.003 6 | 2 | 1 1 6 0 1 0.993 0.05061 421.7
plentiful do 0.0 3 | 2 | 1 1 3 9.564e-07 nan nan 0 3551
plentiful do 0.0 4 | 2 | 1 1 4 0 nan nan 0 3527
plentiful do 0.0 5 | 2 | 1 1 5 3.828e-05 nan nan 0 3502
plentiful do 0.0 6 | 2 | 1 1 6 4.47e-06 nan nan 0 3480
plentiful do 0.0003 3 | 2 | 1 1 3 1.032e-05 1 0.9769 0.005238 3150
plentiful do 0.0003 4 | 2 | 1 1 4 0 1 0.9932 0.005453 3190
plentiful do 0.0003 5 | 2 | 1 1 5 6.622e-06 1 0.9871 0.005353 2705
plentiful do 0.0003 6 | 2 | 1 1 6 9.159e-06 1 1.004 0.005096 3117
plentiful do 0.001 3 | 2 | 1 1 3 8.304e-05 1 0.9874 0.01697 1920
plentiful do 0.001 4 | 2 | 1 1 4 6.638e-06 1 0.9984 0.01701 2840
plentiful do 0.001 5 | 2 | 1 1 5 7.85e-06 1 1.004 0.01794 2277
plentiful do 0.001 6 | 2 | 1 1 6 5.63e-06 1 1.023 0.01742 2518
plentiful do 0.003 3 | 2 | 1 1 3 5.029e-05 1 1.002 0.04845 1398
plentiful do 0.003 4 | 2 | 1 1 4 0.0001091 1 1.002 0.05332 1548
plentiful do 0.003 5 | 2 | 1 1 5 6.936e-06 1 0.9955 0.0521 1920
plentiful do 0.003 6 | 2 | 1 1 6 0 1 0.993 0.05061 421.7
plentiful ff 0.0 3 | 2 | 1 1 3 9.564e-07 nan nan 0 3551
plentiful ff 0.0 4 | 2 | 1 1 4 0 nan nan 0 3527
plentiful ff 0.0 5 | 2 | 1 1 5 3.828e-05 nan nan 0 3502
plentiful ff 0.0 6 | 2 | 1 1 6 4.47e-06 nan nan 0 3480
plentiful ff 0.0003 3 | 2 | 1 1 3 2.957e-06 1 0.9748 0.004741 3153
plentiful ff 0.0003 4 | 2 | 1 1 4 0 1 0.9932 0.005453 3190
plentiful ff 0.0003 5 | 2 | 1 1 5 6.622e-06 1 0.9864 0.005188 2705
plentiful ff 0.0003 6 | 2 | 1 1 6 9.159e-06 1 1.004 0.005096 3117
plentiful ff 0.001 3 | 2 | 1 1 3 4.912e-05 1 0.9696 0.01699 1929
plentiful ff 0.001 4 | 2 | 1 1 4 5.639e-06 1 0.9942 0.01839 2824
plentiful ff 0.001 5 | 2 | 1 1 5 7.876e-06 1 1.001 0.01737 2273
plentiful ff 0.001 6 | 2 | 1 1 6 5.629e-06 1 1.02 0.01736 2519
plentiful ff 0.003 3 | 2 | 1 1 3 4.054e-05 1 1.018 0.05118 1392
plentiful ff 0.003 4 | 2 | 1 1 4 6.028e-05 1 1.011 0.05368 1609
plentiful ff 0.003 5 | 2 | 1 1 5 5.697e-06 1 0.9927 0.05342 1934
plentiful ff 0.003 6 | 2 | 1 1 6 0 1 0.993 0.05061 421.7
scarce df 0.0 3 | 2 | 14.47 14.47 3 40.4 nan nan 0 3336
scarce df 0.0 4 | 2 | 10.52 10.52 4 38.09 nan nan 0 3358
scarce df 0.0 5 | 2 | 8.32 8.32 5 36.6 nan nan 0 3367
scarce df 0.0 6 | 2 | 6.825 6.825 6 34.95 nan nan 0 3353
scarce df 0.0003 3 | 2 | 11 11 3 30 0.9683 10.7 0.04865 2708
scarce df 0.0003 4 | 2 | 8.572 8.572 4 30.29 0.9658 8.519 0.04162 2880
scarce df 0.0003 5 | 2 | 7.104 7.104 5 30.52 0.9689 7.043 0.0342 2735
scarce df 0.0003 6 | 2 | 6.159 6.159 6 30.95 0.96 6.031 0.02708 2171
scarce df 0.001 3 | 2 | 4.622 4.622 3 10.87 0.9698 4.602 0.07621 1491
scarce df 0.001 4 | 2 | 4.442 4.442 4 13.77 0.9718 4.49 0.07502 1780
scarce df 0.001 5 | 2 | 4.743 4.743 5 18.72 0.9712 4.785 0.0802 2199
scarce df 0.001 6 | 2 | 4.751 4.751 6 22.5 0.9715 4.78 0.07645 2581
scarce df 0.003 3 | 2 | 2.124 2.124 3 3.372 0.9754 2.126 0.1057 1096
scarce df 0.003 4 | 2 | 2.13 2.13 4 4.522 0.9744 2.155 0.1079 1017
scarce df 0.003 5 | 2 | 2.177 2.177 5 5.887 0.9793 2.161 0.1082 1303
scarce df 0.003 6 | 2 | 1.807 1.807 6 4.844 0.98 1.803 0.0996 889
scarce do 0.0 3 | 2 | 14.47 1.03 3 40.4 nan nan 0 3336
scarce do 0.0 4 | 2 | 10.52 1.028 4 38.09 nan nan 0 3358
scarce do 0.0 5 | 2 | 8.32 1.027 5 36.6 nan nan 0 3367
scarce do 0.0 6 | 2 | 6.825 1.025 6 34.95 nan nan 0 3353
scarce do 0.0003 3 | 2 | 13.78 1.028 3 38.35 0.9926 1.057 0.005514 3163
scarce do 0.0003 4 | 2 | 10.22 1.027 4 36.87 0.9968 1.051 0.005233 3266
scarce do 0.0003 5 | 2 | 8.232 1.026 5 36.16 1 1.093 0.005495 3179
scarce do 0.0003 6 | 2 | 6.917 1.026 6 35.5 0.9902 1.201 0.007134 2121
scarce do 0.001 3 | 2 | 11.36 1.023 3 31.07 0.9989 0.9764 0.01563 2525
scarce do 0.001 4 | 2 | 6.892 1.017 4 23.57 0.9965 1.042 0.01678 2027
scarce do 0.001 5 | 2 | 6.373 1.019 5 26.86 0.9988 0.9846 0.01635 2285
scarce do 0.001 6 | 2 | 6.216 1.022 6 31.3 0.9989 1.008 0.01839 2942
scarce do 0.003 3 | 2 | 7.155 1.013 3 18.46 0.9993 0.9898 0.04852 1976
scarce do 0.003 4 | 2 | 5.42 1.012 4 17.68 0.9977 1.013 0.04904 1484
scarce do 0.003 5 | 2 | 4.793 1.013 5 18.97 0.999 0.975 0.0467 1997
scarce do 0.003 6 | 2 | 4.872 1.016 6 23.23 0.9982 1.062 0.05535 1511
scarce ff 0.0 3 | 2 | 14.47 1 3 40.4 nan nan 0 3336
scarce ff 0.0 4 | 2 | 10.52 1 4 38.09 nan nan 0 3358
scarce ff 0.0 5 | 2 | 8.32 1 5 36.6 nan nan 0 3367
scarce ff 0.0 6 | 2 | 6.825 1 6 34.95 nan nan 0 3353
scarce ff 0.0003 3 | 2 | 13.09 1 3 36.26 0.9826 0.991 0.005044 2846
scarce ff 0.0003 4 | 2 | 9.843 1 4 35.37 0.9852 0.9962 0.005154 3085
scarce ff 0.0003 5 | 2 | 8.057 1 5 35.28 0.9969 1.041 0.005308 3277
scarce ff 0.0003 6 | 2 | 6.934 1 6 35.6 0.9968 0.9726 0.005238 2147
scarce ff 0.001 3 | 2 | 9.192 1 3 24.57 0.9884 0.9808 0.01636 1778
scarce ff 0.001 4 | 2 | 7.17 1 4 24.68 0.991 0.9649 0.01699 2172
scarce ff 0.001 5 | 2 | 6.972 1 5 29.86 0.9853 0.965 0.01613 2623
scarce ff 0.001 6 | 2 | 5.62 1 6 27.72 0.9813 1.046 0.01733 2173
scarce ff 0.003 3 | 2 | 6.328 1 3 15.98 0.9902 1.025 0.0535 1523
scarce ff 0.003 4 | 2 | 5.678 1 4 18.71 0.9887 1.007 0.04939 1109
scarce ff 0.003 5 | 2 | 6.568 1 5 27.84 0.9933 0.9562 0.04834 1831
scarce ff 0.003 6 | 2 | 3.749 1 6 16.49 0.9945 1.023 0.05206 1238
