# 해부 30 pilot E0d/e — seeds 9001 9002 mean; founder bucket; window (5000,10000]
# d rule mu L | A R TR W F supply I alive_founder alive_other | audit_violation_lines rc_sum
200 df 0.0 3 | 14.43 14.43 3 40.29 nan 0 nan 3336 0 | 0 0
200 df 0.0 4 | 10.43 10.43 4 37.72 nan 0 nan 3357 0 | 0 0
200 df 0.0 5 | 8.284 8.284 5 36.42 nan 0 nan 3366 0 | 0 0
200 df 0.0 6 | 6.769 6.769 6 34.61 nan 0 nan 3327 0 | 0 0
200 df 0.001 3 | 5.208 5.208 3 12.63 0.9695 0.08418 4.903 1592 1943 | 0 0
200 df 0.001 4 | 4.88 4.88 4 15.52 0.9715 0.08078 4.706 1902 1609 | 0 0
200 df 0.001 5 | 5.288 5.288 5 21.44 0.971 0.08734 5.088 2428 1049 | 0 0
200 df 0.001 6 | 5.04 5.04 6 24.24 0.9709 0.07804 4.546 2744 640.9 | 0 0
200 df 0.003 3 | 2.385 2.385 3 4.154 0.9747 0.1188 2.345 1177 2386 | 0 0
200 df 0.003 4 | 2.324 2.324 4 5.297 0.9742 0.1136 2.241 1095 2457 | 0 0
200 df 0.003 5 | 2.519 2.519 5 7.597 0.9762 0.1255 2.476 1472 2064 | 0 0
200 df 0.003 6 | 2.141 2.141 6 6.846 0.9759 0.1172 2.313 974.2 2545 | 0 0
200 do 0.0 3 | 14.43 1.029 3 40.29 nan 0 nan 3336 0 | 0 0
200 do 0.0 4 | 10.43 1.028 4 37.72 nan 0 nan 3357 0 | 0 0
200 do 0.0 5 | 8.284 1.027 5 36.42 nan 0 nan 3366 0 | 0 0
200 do 0.0 6 | 6.769 1.025 6 34.61 nan 0 nan 3327 0 | 0 0
200 do 0.001 3 | 11.48 1.023 3 31.44 1 0.01553 0.9044 2549 874.9 | 0 0
200 do 0.001 4 | 7.173 1.018 4 24.69 0.9973 0.01751 1.02 2059 1414 | 0 0
200 do 0.001 5 | 6.517 1.02 5 27.59 0.9972 0.01667 0.9712 2353 1098 | 0 0
200 do 0.001 6 | 6.263 1.023 6 31.58 0.9987 0.01884 1.097 2973 385.5 | 0 0
200 do 0.003 3 | 7.403 1.014 3 19.21 0.9991 0.04765 0.9404 2016 1481 | 0 0
200 do 0.003 4 | 5.664 1.013 4 18.65 1 0.04786 0.9447 1525 1903 | 0 0
200 do 0.003 5 | 5.042 1.014 5 20.21 0.9984 0.04823 0.9518 2069 1413 | 0 0
200 do 0.003 6 | 5.202 1.018 6 25.21 0.9967 0.05389 1.064 1566 1837 | 0 0
200 ff 0.0 3 | 14.43 1 3 40.29 nan 0 nan 3336 0 | 0 0
200 ff 0.0 4 | 10.43 1 4 37.72 nan 0 nan 3357 0 | 0 0
200 ff 0.0 5 | 8.284 1 5 36.42 nan 0 nan 3366 0 | 0 0
200 ff 0.0 6 | 6.769 1 6 34.61 nan 0 nan 3327 0 | 0 0
200 ff 0.001 3 | 9.506 1 3 25.52 0.9903 0.01648 0.9602 1804 1681 | 0 0
200 ff 0.001 4 | 7.349 1 4 25.4 0.9919 0.01739 1.013 2184 1284 | 0 0
200 ff 0.001 5 | 7.057 1 5 30.28 0.9853 0.01648 0.9599 2677 751.3 | 0 0
200 ff 0.001 6 | 6.043 1 6 30.26 0.9828 0.0168 0.9785 2163 1146 | 0 0
200 ff 0.003 3 | 6.74 1 3 17.22 0.9902 0.05111 1.009 1570 1946 | 0 0
200 ff 0.003 4 | 6.011 1 4 20.04 0.99 0.04715 0.9306 1118 2306 | 0 0
200 ff 0.003 5 | 6.564 1 5 27.82 0.9946 0.04885 0.964 1878 1525 | 0 0
200 ff 0.003 6 | 4.112 1 6 18.67 0.9941 0.04998 0.9863 1305 2186 | 0 0
640 df 0.0 3 | 1 1 3 1.148e-06 nan 0 nan 3546 0 | 0 0
640 df 0.0 4 | 1 1 4 0 nan 0 nan 3524 0 | 0 0
640 df 0.0 5 | 1 1 5 1.433e-05 nan 0 nan 3504 0 | 0 0
640 df 0.0 6 | 1 1 6 5.368e-06 nan 0 nan 3476 0 | 0 0
640 df 0.001 3 | 1 1 3 3.496e-05 1 0.01603 0.9339 2065 1489 | 0 0
640 df 0.001 4 | 1 1 4 1.033e-05 1 0.01777 1.035 2907 624.1 | 0 0
640 df 0.001 5 | 1 1 5 6.355e-06 1 0.01743 1.015 2557 960.3 | 0 0
640 df 0.001 6 | 1 1 6 0 1 0.01739 1.013 2828 662.8 | 0 0
640 df 0.003 3 | 1 1 3 3.132e-05 1 0.05195 1.025 1557 1999 | 0 0
640 df 0.003 4 | 1 1 4 8.314e-05 1 0.04838 0.9548 1718 1822 | 0 0
640 df 0.003 5 | 1 1 5 5.886e-06 1 0.0514 1.014 2255 1264 | 0 0
640 df 0.003 6 | 1 1 6 0 1 0.04833 0.9539 603.5 2940 | 0 0
640 do 0.0 3 | 1 1 3 1.148e-06 nan 0 nan 3546 0 | 0 0
640 do 0.0 4 | 1 1 4 0 nan 0 nan 3524 0 | 0 0
640 do 0.0 5 | 1 1 5 1.433e-05 nan 0 nan 3504 0 | 0 0
640 do 0.0 6 | 1 1 6 5.368e-06 nan 0 nan 3476 0 | 0 0
640 do 0.001 3 | 1 1 3 9.488e-05 1 0.01701 0.9906 2058 1496 | 0 0
640 do 0.001 4 | 1 1 4 4.847e-06 1 0.01736 1.011 2910 620.4 | 0 0
640 do 0.001 5 | 1 1 5 6.355e-06 1 0.01762 1.026 2557 960.3 | 0 0
640 do 0.001 6 | 1 1 6 0 1 0.01739 1.013 2828 662.8 | 0 0
640 do 0.003 3 | 1 1 3 3.965e-05 1 0.0509 1.005 1568 1987 | 0 0
640 do 0.003 4 | 1 1 4 9.617e-05 1 0.05121 1.011 1720 1820 | 0 0
640 do 0.003 5 | 1 1 5 7.091e-06 1 0.05206 1.027 2251 1268 | 0 0
640 do 0.003 6 | 1 1 6 0 1 0.04833 0.9539 603.5 2940 | 0 0
640 ff 0.0 3 | 1 1 3 1.148e-06 nan 0 nan 3546 0 | 0 0
640 ff 0.0 4 | 1 1 4 0 nan 0 nan 3524 0 | 0 0
640 ff 0.0 5 | 1 1 5 1.433e-05 nan 0 nan 3504 0 | 0 0
640 ff 0.0 6 | 1 1 6 5.368e-06 nan 0 nan 3476 0 | 0 0
640 ff 0.001 3 | 1 1 3 4.693e-05 1 0.01685 0.9816 2064 1490 | 0 0
640 ff 0.001 4 | 1 1 4 3.649e-06 1 0.0182 1.06 2904 626.2 | 0 0
640 ff 0.001 5 | 1 1 5 6.356e-06 1 0.0177 1.031 2557 960.4 | 0 0
640 ff 0.001 6 | 1 1 6 0 1 0.01739 1.013 2828 662.8 | 0 0
640 ff 0.003 3 | 1 1 3 2.756e-05 1 0.05428 1.071 1561 1994 | 0 0
640 ff 0.003 4 | 1 1 4 1.16e-05 1 0.05146 1.016 1773 1767 | 0 0
640 ff 0.003 5 | 1 1 5 5.881e-06 1 0.05263 1.039 2257 1263 | 0 0
640 ff 0.003 6 | 1 1 6 0 1 0.04833 0.9539 603.5 2940 | 0 0
