# 해부 30 pilot: density scan, seed 9001, family S, draw-first, mu 0, 10000 updates, window (5000,10000], lifespan a=1200 (MATERIAL_LIFESPAN)
# density L elapsed_s rc A T/R W alive_mean placed audit_violation_lines
40 3 0.09 0 nan nan nan 0 0 0
40 6 0.09 0 nan nan nan 0 0 0
80 3 2.52 0 16.195 3.0 45.59 260 1094 0
80 6 1.87 0 8.309 6.0 43.85 150 607 0
160 3 39.68 0 18.357 3.0 52.07 2729 9950 0
160 6 31.35 0 8.627 6.0 45.76 2578 9882 0
320 3 90.88 0 1.003 3.0 0.01 3577 13052 0
320 6 70.85 0 1.006 6.0 0.03 3551 13016 0
640 3 89.11 0 1.0 3.0 0.0 3545 12972 0
640 6 63.0 0 1.0 6.0 0.0 3475 12711 0
1280 3 92.18 0 1.0 3.0 0.0 3547 12838 0
1280 6 59.97 0 1.0 6.0 0.0 3478 12556 0
2560 3 86.4 0 1.0 3.0 0.0 3547 12936 0
2560 6 0.3 0 nan nan nan 0 0 0
120 3 22.91 0 18.219 3.0 51.66 1999 7528 0
120 6 6.85 0 8.06 6.0 42.36 1393 5773 0
200 3 59.36 0 14.355 3.0 40.06 3332 12192 0
200 6 45.76 0 6.775 6.0 34.65 3322 12162 0
240 3 73.88 0 2.749 3.0 5.25 3562 13015 0
240 6 45.5 0 1.972 6.0 5.83 3536 12855 0
280 3 74.19 0 1.047 3.0 0.14 3581 12987 0
280 6 63.16 0 1.049 6.0 0.3 3560 13023 0
