# 해부 30 E0 — Avida conserved-material port validation (2026-10-03, server lab101, branch material-draw on 47f13da)

## E0a run_tests with patched build (cbuild/work/avida == cbuild/bin/avida, cmp OK)
passed: 78
All tests passed.

## E0a-bis vanilla h-copy vs MATERIAL_MODE 0 h-copy-mat (smoke avida.cfg, seed 9101, 1000 updates)
SPECULATIVE=1:
  average.dat identical
  dominant.dat identical
  detail-1000.spop identical
SPECULATIVE=0:
  average.dat identical
  dominant.dat identical
  detail-1000.spop identical

## E0b
# E0b conservation: name rc elapsed_s last_update births audit_violation_lines first_violation
stress_df 0 255.23 30000 74784 0 
sub_df 0 266.32 30000 73054 0 
stress_ff 0 299.29 30000 74528 0 
sub_ff 0 208.86 30000 71405 0 
stress_do 0 285.75 30000 74567 0 
sub_do 0 251.16 30000 71516 0 
stress_do_q05 0 295.04 30000 74465 0 
stress_df_plenty 0 265.87 30000 71979 0 
NEG_no_death_return 0 13.05 5000 4210 466 350 audit total=719972 init=720000 kind_or_neg_violations=9 anomalies=0 inject_skipped=0

## E0c
# E0c zero error: tag | spop identical df=ff=do | census (excluding draw columns) identical | draws/written per rule | organisms in spop
L3_d200 rc [0, 0, 0] spop_identical True census_identical True df=13.1463 ff=1.0000 do=1.0301 n_lines 2
L6_d200 rc [0, 0, 0] spop_identical True census_identical True df=5.9606 ff=1.0000 do=1.0262 n_lines 2
L4_d640 rc [0, 0, 0] spop_identical True census_identical True df=1.0000 ff=1.0000 do=1.0000 n_lines 2

## E0d/e pilot grid (founder bucket; per seed)
# E0d/e pilot (seeds 9001, 9002; window 5000-10000): L d rule mu | A R T/R W F supply I alive(founder) alive(other) | rc viol
3 200 df 0.0 9001 | 14.35 14.35 3 40.06 nan 0 nan 3332 0 | 0 0
3 200 df 0.0 9002 | 14.5 14.5 3 40.51 nan 0 nan 3339 0 | 0 0
3 200 df 0.001 9001 | 6.243 6.243 3 15.73 0.9643 0.09739 5.673 1953 1568 | 0 0
3 200 df 0.001 9002 | 4.173 4.173 3 9.52 0.9748 0.07096 4.133 1231 2318 | 0 0
3 200 df 0.003 9001 | 2.699 2.699 3 5.098 0.9731 0.1251 2.47 1382 2177 | 0 0
3 200 df 0.003 9002 | 2.07 2.07 3 3.21 0.9764 0.1125 2.219 972 2595 | 0 0
3 200 ff 0.0 9001 | 14.35 1 3 40.06 nan 0 nan 3332 0 | 0 0
3 200 ff 0.0 9002 | 14.5 1 3 40.51 nan 0 nan 3339 0 | 0 0
3 200 ff 0.001 9001 | 11 1 3 30 0.9909 0.01441 0.8393 2157 1300 | 0 0
3 200 ff 0.001 9002 | 8.014 1 3 21.04 0.9898 0.01856 1.081 1451 2063 | 0 0
3 200 ff 0.003 9001 | 9.247 1 3 24.74 0.9916 0.049 0.967 2183 1297 | 0 0
3 200 ff 0.003 9002 | 4.234 1 3 9.702 0.9888 0.05322 1.05 958 2594 | 0 0
3 200 do 0.0 9001 | 14.35 1.029 3 40.06 nan 0 nan 3332 0 | 0 0
3 200 do 0.0 9002 | 14.5 1.029 3 40.51 nan 0 nan 3339 0 | 0 0
3 200 do 0.001 9001 | 13.41 1.027 3 37.24 1 0.01733 1.01 3121 248.9 | 0 0
3 200 do 0.001 9002 | 9.549 1.019 3 25.65 1 0.01372 0.7992 1978 1501 | 0 0
3 200 do 0.003 9001 | 10.15 1.02 3 27.45 0.9982 0.04801 0.9476 2337 1118 | 0 0
3 200 do 0.003 9002 | 4.655 1.008 3 10.97 1 0.04728 0.9331 1696 1843 | 0 0
3 640 df 0.0 9001 | 1 1 3 0 nan 0 nan 3545 0 | 0 0
3 640 df 0.0 9002 | 1 1 3 2.297e-06 nan 0 nan 3547 0 | 0 0
3 640 df 0.001 9001 | 1 1 3 6.993e-05 1 0.01706 0.9938 2266 1292 | 0 0
3 640 df 0.001 9002 | 1 1 3 0 1 0.015 0.874 1864 1687 | 0 0
3 640 df 0.003 9001 | 1 1 3 3.227e-06 1 0.05467 1.079 1885 1673 | 0 0
3 640 df 0.003 9002 | 1 1 3 5.942e-05 1 0.04923 0.9715 1229 2325 | 0 0
3 640 ff 0.0 9001 | 1 1 3 0 nan 0 nan 3545 0 | 0 0
3 640 ff 0.0 9002 | 1 1 3 2.297e-06 nan 0 nan 3547 0 | 0 0
3 640 ff 0.001 9001 | 1 1 3 9.386e-05 1 0.01877 1.093 2250 1305 | 0 0
3 640 ff 0.001 9002 | 1 1 3 0 1 0.01493 0.87 1878 1675 | 0 0
3 640 ff 0.003 9001 | 1 1 3 5.511e-05 1 0.05715 1.128 1876 1681 | 0 0
3 640 ff 0.003 9002 | 1 1 3 0 1 0.05141 1.015 1247 2307 | 0 0
3 640 do 0.0 9001 | 1 1 3 0 nan 0 nan 3545 0 | 0 0
3 640 do 0.0 9002 | 1 1 3 2.297e-06 nan 0 nan 3547 0 | 0 0
3 640 do 0.001 9001 | 1 1 3 0.0001898 1 0.01811 1.055 2282 1275 | 0 0
3 640 do 0.001 9002 | 1 1 3 0 1 0.0159 0.9264 1834 1716 | 0 0
3 640 do 0.003 9001 | 1 1 3 3.866e-05 1 0.05317 1.049 1887 1670 | 0 0
3 640 do 0.003 9002 | 1 1 3 4.064e-05 1 0.04864 0.9599 1248 2305 | 0 0
4 200 df 0.0 9001 | 10.45 10.45 4 37.81 nan 0 nan 3353 0 | 0 0
4 200 df 0.0 9002 | 10.41 10.41 4 37.62 nan 0 nan 3360 0 | 0 0
4 200 df 0.001 9001 | 6.02 6.02 4 20.08 0.97 0.09468 5.515 2382 1102 | 0 0
4 200 df 0.001 9002 | 3.741 3.741 4 10.96 0.9731 0.06689 3.896 1422 2115 | 0 0
4 200 df 0.003 9001 | 2.829 2.829 4 7.315 0.9724 0.1419 2.801 1670 1870 | 0 0
4 200 df 0.003 9002 | 1.82 1.82 4 3.279 0.976 0.08518 1.681 519.9 3043 | 0 0
4 200 ff 0.0 9001 | 10.45 1 4 37.81 nan 0 nan 3353 0 | 0 0
4 200 ff 0.0 9002 | 10.41 1 4 37.62 nan 0 nan 3360 0 | 0 0
4 200 ff 0.001 9001 | 8.954 1 4 31.82 0.9942 0.01828 1.065 2679 750.5 | 0 0
4 200 ff 0.001 9002 | 5.745 1 4 18.98 0.9897 0.0165 0.9611 1690 1817 | 0 0
4 200 ff 0.003 9001 | 9.188 1 4 32.75 0.9907 0.04906 0.9683 1367 1933 | 0 0
4 200 ff 0.003 9002 | 2.834 1 4 7.338 0.9893 0.04524 0.8929 869.6 2679 | 0 0
4 200 do 0.0 9001 | 10.45 1.028 4 37.81 nan 0 nan 3353 0 | 0 0
4 200 do 0.0 9002 | 10.41 1.027 4 37.62 nan 0 nan 3360 0 | 0 0
4 200 do 0.001 9001 | 8.976 1.023 4 31.9 0.9974 0.01473 0.8583 2741 682.9 | 0 0
4 200 do 0.001 9002 | 5.371 1.012 4 17.48 0.9972 0.02028 1.181 1377 2145 | 0 0
4 200 do 0.003 9001 | 6.156 1.015 4 20.63 1 0.05404 1.067 2511 954.8 | 0 0
4 200 do 0.003 9002 | 5.171 1.012 4 16.68 1 0.04169 0.8227 538.5 2850 | 0 0
4 640 df 0.0 9001 | 1 1 4 0 nan 0 nan 3523 0 | 0 0
4 640 df 0.0 9002 | 1 1 4 0 nan 0 nan 3525 0 | 0 0
4 640 df 0.001 9001 | 1 1 4 0 1 0.0191 1.112 2959 569.5 | 0 0
4 640 df 0.001 9002 | 1 1 4 2.065e-05 1 0.01644 0.9577 2854 678.6 | 0 0
4 640 df 0.003 9001 | 1 1 4 0.0001663 1 0.04913 0.9696 2307 1228 | 0 0
4 640 df 0.003 9002 | 1 1 4 0 1 0.04763 0.94 1128 2416 | 0 0
4 640 ff 0.0 9001 | 1 1 4 0 nan 0 nan 3523 0 | 0 0
4 640 ff 0.0 9002 | 1 1 4 0 nan 0 nan 3525 0 | 0 0
4 640 ff 0.001 9001 | 1 1 4 0 1 0.0191 1.112 2959 569.5 | 0 0
4 640 ff 0.001 9002 | 1 1 4 7.299e-06 1 0.0173 1.007 2849 682.8 | 0 0
4 640 ff 0.003 9001 | 1 1 4 2.321e-05 1 0.0492 0.971 2387 1149 | 0 0
4 640 ff 0.003 9002 | 1 1 4 0 1 0.05371 1.06 1159 2384 | 0 0
4 640 do 0.0 9001 | 1 1 4 0 nan 0 nan 3523 0 | 0 0
4 640 do 0.0 9002 | 1 1 4 0 nan 0 nan 3525 0 | 0 0
4 640 do 0.001 9001 | 1 1 4 0 1 0.0191 1.112 2959 569.5 | 0 0
4 640 do 0.001 9002 | 1 1 4 9.694e-06 1 0.01563 0.9104 2862 671.2 | 0 0
4 640 do 0.003 9001 | 1 1 4 0.0001923 1 0.04901 0.9673 2302 1235 | 0 0
4 640 do 0.003 9002 | 1 1 4 0 1 0.0534 1.054 1139 2404 | 0 0
5 200 df 0.0 9001 | 8.321 8.321 5 36.61 nan 0 nan 3364 0 | 0 0
5 200 df 0.0 9002 | 8.247 8.247 5 36.23 nan 0 nan 3368 0 | 0 0
5 200 df 0.001 9001 | 5.407 5.407 5 22.04 0.974 0.08836 5.147 2474 999.3 | 0 0
5 200 df 0.001 9002 | 5.169 5.169 5 20.85 0.968 0.08633 5.029 2381 1098 | 0 0
5 200 df 0.003 9001 | 2.514 2.514 5 7.572 0.9792 0.1246 2.458 1470 2067 | 0 0
5 200 df 0.003 9002 | 2.525 2.525 5 7.623 0.9732 0.1264 2.494 1474 2061 | 0 0
5 200 ff 0.0 9001 | 8.321 1 5 36.61 nan 0 nan 3364 0 | 0 0
5 200 ff 0.0 9002 | 8.247 1 5 36.23 nan 0 nan 3368 0 | 0 0
5 200 ff 0.001 9001 | 6.832 1 5 29.16 0.9918 0.01692 0.9854 2482 958.1 | 0 0
5 200 ff 0.001 9002 | 7.282 1 5 31.41 0.9789 0.01604 0.9345 2872 544.6 | 0 0
5 200 ff 0.003 9001 | 6.828 1 5 29.14 0.9911 0.04919 0.9707 2623 791.7 | 0 0
5 200 ff 0.003 9002 | 6.3 1 5 26.5 0.9981 0.04851 0.9574 1134 2258 | 0 0
5 200 do 0.0 9001 | 8.321 1.027 5 36.61 nan 0 nan 3364 0 | 0 0
5 200 do 0.0 9002 | 8.247 1.026 5 36.23 nan 0 nan 3368 0 | 0 0
5 200 do 0.001 9001 | 6.295 1.019 5 26.48 0.9972 0.01506 0.8775 2276 1184 | 0 0
5 200 do 0.001 9002 | 6.739 1.021 5 28.7 0.9971 0.01828 1.065 2430 1012 | 0 0
5 200 do 0.003 9001 | 5.357 1.016 5 21.78 0.999 0.04936 0.9741 1904 1583 | 0 0
5 200 do 0.003 9002 | 4.728 1.013 5 18.64 0.9978 0.0471 0.9295 2233 1244 | 0 0
5 640 df 0.0 9001 | 1 1 5 2.866e-05 nan 0 nan 3503 0 | 0 0
5 640 df 0.0 9002 | 1 1 5 0 nan 0 nan 3505 0 | 0 0
5 640 df 0.001 9001 | 1 1 5 1.271e-05 1 0.01723 1.004 2486 1036 | 0 0
5 640 df 0.001 9002 | 1 1 5 0 1 0.01763 1.027 2628 884.7 | 0 0
5 640 df 0.003 9001 | 1 1 5 1.177e-05 1 0.0514 1.014 2235 1284 | 0 0
5 640 df 0.003 9002 | 1 1 5 0 1 0.0514 1.014 2276 1243 | 0 0
5 640 ff 0.0 9001 | 1 1 5 2.866e-05 nan 0 nan 3503 0 | 0 0
5 640 ff 0.0 9002 | 1 1 5 0 nan 0 nan 3505 0 | 0 0
5 640 ff 0.001 9001 | 1 1 5 1.271e-05 1 0.01777 1.035 2485 1036 | 0 0
5 640 ff 0.001 9002 | 1 1 5 0 1 0.01763 1.027 2628 884.7 | 0 0
5 640 ff 0.003 9001 | 1 1 5 1.176e-05 1 0.05386 1.063 2238 1282 | 0 0
5 640 ff 0.003 9002 | 1 1 5 0 1 0.0514 1.014 2276 1243 | 0 0
5 640 do 0.0 9001 | 1 1 5 2.866e-05 nan 0 nan 3503 0 | 0 0
5 640 do 0.0 9002 | 1 1 5 0 nan 0 nan 3505 0 | 0 0
5 640 do 0.001 9001 | 1 1 5 1.271e-05 1 0.01761 1.026 2485 1036 | 0 0
5 640 do 0.001 9002 | 1 1 5 0 1 0.01763 1.027 2628 884.7 | 0 0
5 640 do 0.003 9001 | 1 1 5 1.418e-05 1 0.05271 1.04 2226 1294 | 0 0
5 640 do 0.003 9002 | 1 1 5 0 1 0.0514 1.014 2276 1243 | 0 0
6 200 df 0.0 9001 | 6.775 6.775 6 34.65 nan 0 nan 3322 0 | 0 0
6 200 df 0.0 9002 | 6.763 6.763 6 34.58 nan 0 nan 3332 0 | 0 0
6 200 df 0.001 9001 | 5.035 5.035 6 24.21 0.9736 0.07891 4.596 2756 632.9 | 0 0
6 200 df 0.001 9002 | 5.045 5.045 6 24.27 0.9683 0.07718 4.496 2732 648.9 | 0 0
6 200 df 0.003 9001 | 2.083 2.083 6 6.499 0.9797 0.1158 2.286 777.4 2750 | 0 0
6 200 df 0.003 9002 | 2.199 2.199 6 7.193 0.9721 0.1185 2.339 1171 2341 | 0 0
6 200 ff 0.0 9001 | 6.775 1 6 34.65 nan 0 nan 3322 0 | 0 0
6 200 ff 0.0 9002 | 6.763 1 6 34.58 nan 0 nan 3332 0 | 0 0
6 200 ff 0.001 9001 | 5.765 1 6 28.59 0.9833 0.0168 0.9786 1224 2049 | 0 0
6 200 ff 0.001 9002 | 6.322 1 6 31.93 0.9823 0.0168 0.9784 3102 244.4 | 0 0
6 200 ff 0.003 9001 | 4.364 1 6 20.18 0.9946 0.05216 1.029 1608 1874 | 0 0
6 200 ff 0.003 9002 | 3.86 1 6 17.16 0.9936 0.0478 0.9433 1003 2498 | 0 0
6 200 do 0.0 9001 | 6.775 1.025 6 34.65 nan 0 nan 3322 0 | 0 0
6 200 do 0.0 9002 | 6.763 1.025 6 34.58 nan 0 nan 3332 0 | 0 0
6 200 do 0.001 9001 | 6.424 1.024 6 32.54 1 0.02023 1.178 3120 215 | 0 0
6 200 do 0.001 9002 | 6.102 1.022 6 30.61 0.9974 0.01745 1.016 2827 555.9 | 0 0
6 200 do 0.003 9001 | 5.025 1.017 6 24.15 0.9942 0.05875 1.16 648.7 2746 | 0 0
6 200 do 0.003 9002 | 5.379 1.019 6 26.27 0.9992 0.04903 0.9676 2483 927.7 | 0 0
6 640 df 0.0 9001 | 1 1 6 1.074e-05 nan 0 nan 3475 0 | 0 0
6 640 df 0.0 9002 | 1 1 6 0 nan 0 nan 3477 0 | 0 0
6 640 df 0.001 9001 | 1 1 6 0 1 0.01802 1.049 3052 437.7 | 0 0
6 640 df 0.001 9002 | 1 1 6 0 1 0.01677 0.977 2605 887.8 | 0 0
6 640 df 0.003 9001 | 1 1 6 0 1 0.04473 0.8828 230.9 3327 | 0 0
6 640 df 0.003 9002 | 1 1 6 0 1 0.05194 1.025 976.1 2553 | 0 0
6 640 ff 0.0 9001 | 1 1 6 1.074e-05 nan 0 nan 3475 0 | 0 0
6 640 ff 0.0 9002 | 1 1 6 0 nan 0 nan 3477 0 | 0 0
6 640 ff 0.001 9001 | 1 1 6 0 1 0.01802 1.049 3052 437.7 | 0 0
6 640 ff 0.001 9002 | 1 1 6 0 1 0.01677 0.977 2605 887.8 | 0 0
6 640 ff 0.003 9001 | 1 1 6 0 1 0.04473 0.8828 230.9 3327 | 0 0
6 640 ff 0.003 9002 | 1 1 6 0 1 0.05194 1.025 976.1 2553 | 0 0
6 640 do 0.0 9001 | 1 1 6 1.074e-05 nan 0 nan 3475 0 | 0 0
6 640 do 0.0 9002 | 1 1 6 0 nan 0 nan 3477 0 | 0 0
6 640 do 0.001 9001 | 1 1 6 0 1 0.01802 1.049 3052 437.7 | 0 0
6 640 do 0.001 9002 | 1 1 6 0 1 0.01677 0.977 2605 887.8 | 0 0
6 640 do 0.003 9001 | 1 1 6 0 1 0.04473 0.8828 230.9 3327 | 0 0
6 640 do 0.003 9002 | 1 1 6 0 1 0.05194 1.025 976.1 2553 | 0 0
