# E1 runs 768 · errors 0 · extinct/empty-window 72
G1 audit-violation runs = 0 · nonzero rc = 0 · T/R off by > 0.02 from L = 0 (μ = 0 runs; max |T/R - L| = 0.0000)

## P1 (primary) ln R(L) − ln R(L+1), draw-first, scarce, μ = 0
  d34: +0.320 [+0.315, +0.326]
  d45: +0.235 [+0.230, +0.244]
  d56: +0.195 [+0.186, +0.203]
  P1 = PASS (all three lower bounds > 0)
  check ff: mean R by L = 1.0000 1.0000 1.0000 1.0000
  check do: mean R by L = 1.0291 1.0273 1.0261 1.0252

## P2 (primary) ln Ic(draw-first) − ln Ic(control), scarce, μ = 0.001
  g_ff_L3: +1.729 [+1.638, +1.810]
  g_do_L3: +1.700 [+1.617, +1.777]
  g_ff_L4: +1.698 [+1.650, +1.752]
  g_do_L4: +1.677 [+1.629, +1.728]
  g_ff_L5: +1.490 [+1.367, +1.580]
  g_do_L5: +1.492 [+1.367, +1.594]
  g_ff_L6: +1.457 [+1.352, +1.563]
  g_do_L6: +1.427 [+1.304, +1.553]
  G_ff: +0.272 [+0.133, +0.428]
  G_do: +0.273 [+0.121, +0.433]
  P2a (primary: L3, both controls, lower > 0) = PASS · every L = yes · P2b (secondary: gap larger at L3 than L6, both controls) = PASS

## E1 primary verdict: ✅  (✅ P1 ∧ P2a · 🟡 one of them · ❌ neither)

## P3 (secondary) W by L (draw-first, scarce, μ = 0): L3 39.86 L4 37.48 L5 35.99 L6 34.48
  max/min = 1.156 [1.143, 1.172] → strong (≤ 1.25)
  (descriptive) μ = 0.0003: W by L 29.04 29.27 28.30 28.29 · R by L 10.681 8.318 6.661 5.715
  (descriptive) μ = 0.001: W by L 13.73 17.22 17.72 19.06 · R by L 5.578 5.305 4.544 4.177
  (descriptive) μ = 0.003: W by L 4.08 6.53 5.65 7.22 · R by L 2.359 2.632 2.131 2.204

## P4 (secondary) draw-first plentiful μ = 0 mean R by L: 1.0000 1.0000 1.0000 1.0000 → PASS (all ≤ 1.1)

## descriptives: density rule μ L | n | A R T/R W F Ic supply alive (seed means)
plentiful df 0.0 3 | 8 | 1 1 3 1.734e-06 nan nan 0 3550
plentiful df 0.0 4 | 8 | 1 1 4 4.51e-06 nan nan 0 3527
plentiful df 0.0 5 | 8 | 1 1 5 6.275e-06 nan nan 0 3503
plentiful df 0.0 6 | 8 | 1 1 6 1.475e-05 nan nan 0 3480
plentiful df 0.0003 3 | 8 | 1 1 3 7.671e-06 1 0.9946 0.005551 3110
plentiful df 0.0003 4 | 8 | 1 1 4 1.203e-05 1 1.002 0.005461 3231
plentiful df 0.0003 5 | 8 | 1 1 5 4.417e-06 1 0.9944 0.005056 3019
plentiful df 0.0003 6 | 8 | 1 1 6 1.291e-05 1 0.9975 0.005072 3153
plentiful df 0.001 3 | 8 | 1 1 3 4.938e-05 1 0.992 0.01681 2623
plentiful df 0.001 4 | 8 | 1 1 4 1.499e-05 1 0.9981 0.01734 2542
plentiful df 0.001 5 | 8 | 1 1 5 9.651e-06 1 1.001 0.01797 2377
plentiful df 0.001 6 | 8 | 1 1 6 1.131e-06 1 0.9853 0.01661 1947
plentiful df 0.003 3 | 8 | 1 1 3 5.288e-06 1 1.001 0.05302 1533
plentiful df 0.003 4 | 8 | 1 1 4 1.007e-05 1 1 0.04954 1826
plentiful df 0.003 5 | 8 | 1 1 5 0 1 0.9951 0.04816 977.2
plentiful df 0.003 6 | 8 | 1 1 6 0 1 1.001 0.05326 846.3
plentiful do 0.0 3 | 8 | 1 1 3 1.734e-06 nan nan 0 3550
plentiful do 0.0 4 | 8 | 1 1 4 4.51e-06 nan nan 0 3527
plentiful do 0.0 5 | 8 | 1 1 5 6.275e-06 nan nan 0 3503
plentiful do 0.0 6 | 8 | 1 1 6 1.475e-05 nan nan 0 3480
plentiful do 0.0003 3 | 8 | 1 1 3 1.169e-05 1 0.9967 0.005375 3118
plentiful do 0.0003 4 | 8 | 1 1 4 8.156e-06 1 1.003 0.005331 3233
plentiful do 0.0003 5 | 8 | 1 1 5 6.085e-06 1 1.002 0.005149 3029
plentiful do 0.0003 6 | 8 | 1 1 6 1.753e-05 1 0.9936 0.005217 3157
plentiful do 0.001 3 | 8 | 1 1 3 5.475e-05 1 0.9954 0.01701 2623
plentiful do 0.001 4 | 8 | 1 1 4 3.083e-05 1 0.9999 0.01728 2551
plentiful do 0.001 5 | 8 | 1 1 5 8.841e-06 1 1.003 0.01746 2374
plentiful do 0.001 6 | 8 | 1 1 6 1.115e-06 1 0.9847 0.01671 1951
plentiful do 0.003 3 | 8 | 1 1 3 2.407e-05 1 1.004 0.05099 1567
plentiful do 0.003 4 | 8 | 1 1 4 8.385e-06 1 1.001 0.05123 1825
plentiful do 0.003 5 | 8 | 1 1 5 0 1 0.9986 0.04891 976.2
plentiful do 0.003 6 | 8 | 1 1 6 0 1 1.001 0.05326 846.3
plentiful ff 0.0 3 | 8 | 1 1 3 1.734e-06 nan nan 0 3550
plentiful ff 0.0 4 | 8 | 1 1 4 4.51e-06 nan nan 0 3527
plentiful ff 0.0 5 | 8 | 1 1 5 6.275e-06 nan nan 0 3503
plentiful ff 0.0 6 | 8 | 1 1 6 1.475e-05 nan nan 0 3480
plentiful ff 0.0003 3 | 8 | 1 1 3 3.329e-05 1 0.9959 0.005581 3115
plentiful ff 0.0003 4 | 8 | 1 1 4 1.406e-05 1 1.003 0.005494 3217
plentiful ff 0.0003 5 | 8 | 1 1 5 7.73e-06 1 0.9949 0.004911 3026
plentiful ff 0.0003 6 | 8 | 1 1 6 1.115e-05 1 0.9967 0.005163 3161
plentiful ff 0.001 3 | 8 | 1 1 3 2.603e-05 1 0.997 0.01659 2614
plentiful ff 0.001 4 | 8 | 1 1 4 1.429e-05 1 0.9998 0.01755 2513
plentiful ff 0.001 5 | 8 | 1 1 5 8.236e-06 1 1.001 0.01767 2366
plentiful ff 0.001 6 | 8 | 1 1 6 1.133e-06 1 0.9799 0.0165 1946
plentiful ff 0.003 3 | 8 | 1 1 3 2.204e-05 1 1.004 0.0512 1564
plentiful ff 0.003 4 | 8 | 1 1 4 4.011e-06 1 1 0.05052 1817
plentiful ff 0.003 5 | 8 | 1 1 5 0 1 0.9991 0.04859 978.4
plentiful ff 0.003 6 | 8 | 1 1 6 0 1 1.001 0.05326 846.3
scarce df 0.0 3 | 7 | 14.29 14.29 3 39.86 nan nan 0 3345
scarce df 0.0 4 | 7 | 10.37 10.37 4 37.48 nan nan 0 3360
scarce df 0.0 5 | 6 | 8.198 8.198 5 35.99 nan nan 0 3372
scarce df 0.0 6 | 6 | 6.746 6.746 6 34.48 nan nan 0 3360
scarce df 0.0003 3 | 7 | 10.68 10.68 3 29.04 0.9617 10.62 0.04765 2713
scarce df 0.0003 4 | 7 | 8.318 8.318 4 29.27 0.9635 8.192 0.04067 2825
scarce df 0.0003 5 | 6 | 6.661 6.661 5 28.3 0.9641 6.42 0.03047 2743
scarce df 0.0003 6 | 6 | 5.715 5.715 6 28.29 0.9681 5.649 0.02769 2826
scarce df 0.001 3 | 7 | 5.578 5.578 3 13.73 0.9662 5.556 0.08915 1866
scarce df 0.001 4 | 7 | 5.305 5.305 4 17.22 0.966 5.316 0.08673 2159
scarce df 0.001 5 | 6 | 4.544 4.544 5 17.72 0.9671 4.471 0.07298 2082
scarce df 0.001 6 | 6 | 4.177 4.177 6 19.06 0.9697 4.193 0.06997 2097
scarce df 0.003 3 | 7 | 2.359 2.359 3 4.076 0.9739 2.342 0.1144 1281
scarce df 0.003 4 | 7 | 2.632 2.632 4 6.528 0.9713 2.632 0.1315 1517
scarce df 0.003 5 | 6 | 2.131 2.131 5 5.653 0.9767 2.112 0.1115 1228
scarce df 0.003 6 | 6 | 2.204 2.204 6 7.222 0.9764 2.213 0.1183 1169
scarce do 0.0 3 | 7 | 14.29 1.029 3 39.86 nan nan 0 3345
scarce do 0.0 4 | 7 | 10.37 1.027 4 37.48 nan nan 0 3360
scarce do 0.0 5 | 6 | 8.198 1.026 5 35.99 nan nan 0 3372
scarce do 0.0 6 | 6 | 6.746 1.025 6 34.48 nan nan 0 3360
scarce do 0.0003 3 | 7 | 13.86 1.028 3 38.58 1 1.031 0.005107 3204
scarce do 0.0003 4 | 7 | 10.09 1.026 4 36.35 0.9951 1.01 0.005443 3246
scarce do 0.0003 5 | 6 | 7.83 1.025 5 34.15 0.9974 1.01 0.005014 3121
scarce do 0.0003 6 | 6 | 6.457 1.024 6 32.74 0.9943 0.9846 0.005031 3160
scarce do 0.001 3 | 7 | 12.91 1.026 3 35.74 0.9963 1.007 0.01697 2975
scarce do 0.001 4 | 7 | 8.857 1.023 4 31.43 0.9979 0.9926 0.01701 2866
scarce do 0.001 5 | 6 | 7.071 1.022 5 30.36 0.9965 0.9964 0.01634 2799
scarce do 0.001 6 | 6 | 6.038 1.022 6 30.23 0.9994 0.9998 0.01606 2915
scarce do 0.003 3 | 7 | 8.996 1.017 3 23.99 0.9979 1.005 0.05002 2262
scarce do 0.003 4 | 7 | 6.632 1.016 4 22.53 0.9973 1.005 0.04952 2299
scarce do 0.003 5 | 6 | 4.568 1.012 5 17.84 0.9978 1.007 0.05046 1761
scarce do 0.003 6 | 6 | 4.086 1.013 6 18.51 0.9986 1.014 0.05049 1593
scarce ff 0.0 3 | 7 | 14.29 1 3 39.86 nan nan 0 3345
scarce ff 0.0 4 | 7 | 10.37 1 4 37.48 nan nan 0 3360
scarce ff 0.0 5 | 6 | 8.198 1 5 35.99 nan nan 0 3372
scarce ff 0.0 6 | 6 | 6.746 1 6 34.48 nan nan 0 3360
scarce ff 0.0003 3 | 7 | 14.02 1 3 39.07 0.9842 0.9673 0.004901 3277
scarce ff 0.0003 4 | 7 | 9.809 1 4 35.24 0.9833 1 0.005137 3176
scarce ff 0.0003 5 | 6 | 8.032 1 5 35.16 0.992 0.9638 0.004886 3301
scarce ff 0.0003 6 | 6 | 6.497 1 6 32.98 0.9871 0.9281 0.004666 3157
scarce ff 0.001 3 | 7 | 12.43 1 3 34.28 0.9857 0.9787 0.01635 2874
scarce ff 0.001 4 | 7 | 8.711 1 4 30.84 0.9877 0.9728 0.01694 2949
scarce ff 0.001 5 | 6 | 6.537 1 5 27.68 0.9865 0.9986 0.01625 2495
scarce ff 0.001 6 | 6 | 5.852 1 6 29.11 0.9919 0.9698 0.01723 2402
scarce ff 0.003 3 | 7 | 9.992 1 3 26.98 0.9902 0.9851 0.04934 2451
scarce ff 0.003 4 | 7 | 7.244 1 4 24.97 0.99 0.983 0.04924 2460
scarce ff 0.003 5 | 6 | 4.937 1 5 19.69 0.9892 0.9839 0.05011 2058
scarce ff 0.003 6 | 6 | 4.563 1 6 21.38 0.9911 0.9922 0.05076 1837
